0 0 1000 1000
dline -1000 1000 0 0
dline -999 1000 1 0
dline -998 1000 2 0
dline -997 1000 3 0
dline -996 1000 4 0
dline -995 1000 5 0
dline -994 1000 6 0
dline -993 1000 7 0
dline -992 1000 8 0
dline -991 1000 9 0
dline -990 1000 10 0
dline -989 1000 11 0
dline -988 1000 12 0
dline -987 1000 13 0
dline -986 1000 14 0
dline -985 1000 15 0
dline -984 1000 16 0
dline -983 1000 17 0
dline -982 1000 18 0
dline -981 1000 19 0
dline -980 1000 20 0
dline -979 1000 21 0
dline -978 1000 22 0
dline -977 1000 23 0
dline -976 1000 24 0
dline -975 1000 25 0
dline -974 1000 26 0
dline -973 1000 27 0
dline -972 1000 28 0
dline -971 1000 29 0
dline -970 1000 30 0
dline -969 1000 31 0
dline -968 1000 32 0
dline -967 1000 33 0
dline -966 1000 34 0
dline -965 1000 35 0
dline -964 1000 36 0
dline -963 1000 37 0
dline -962 1000 38 0
dline -961 1000 39 0
dline -960 1000 40 0
dline -959 1000 41 0
dline -958 1000 42 0
dline -957 1000 43 0
dline -956 1000 44 0
dline -955 1000 45 0
dline -954 1000 46 0
dline -953 1000 47 0
dline -952 1000 48 0
dline -951 1000 49 0
dline -950 1000 50 0
dline -949 1000 51 0
dline -948 1000 52 0
dline -947 1000 53 0
dline -946 1000 54 0
dline -945 1000 55 0
dline -944 1000 56 0
dline -943 1000 57 0
dline -942 1000 58 0
dline -941 1000 59 0
dline -940 1000 60 0
dline -939 1000 61 0
dline -938 1000 62 0
dline -937 1000 63 0
dline -936 1000 64 0
dline -935 1000 65 0
dline -934 1000 66 0
dline -933 1000 67 0
dline -932 1000 68 0
dline -931 1000 69 0
dline -930 1000 70 0
dline -929 1000 71 0
dline -928 1000 72 0
dline -927 1000 73 0
dline -926 1000 74 0
dline -925 1000 75 0
dline -924 1000 76 0
dline -923 1000 77 0
dline -922 1000 78 0
dline -921 1000 79 0
dline -920 1000 80 0
dline -919 1000 81 0
dline -918 1000 82 0
dline -917 1000 83 0
dline -916 1000 84 0
dline -915 1000 85 0
dline -914 1000 86 0
dline -913 1000 87 0
dline -912 1000 88 0
dline -911 1000 89 0
dline -910 1000 90 0
dline -909 1000 91 0
dline -908 1000 92 0
dline -907 1000 93 0
dline -906 1000 94 0
dline -905 1000 95 0
dline -904 1000 96 0
dline -903 1000 97 0
dline -902 1000 98 0
dline -901 1000 99 0
dline -900 1000 100 0
dline -899 1000 101 0
dline -898 1000 102 0
dline -897 1000 103 0
dline -896 1000 104 0
dline -895 1000 105 0
dline -894 1000 106 0
dline -893 1000 107 0
dline -892 1000 108 0
dline -891 1000 109 0
dline -890 1000 110 0
dline -889 1000 111 0
dline -888 1000 112 0
dline -887 1000 113 0
dline -886 1000 114 0
dline -885 1000 115 0
dline -884 1000 116 0
dline -883 1000 117 0
dline -882 1000 118 0
dline -881 1000 119 0
dline -880 1000 120 0
dline -879 1000 121 0
dline -878 1000 122 0
dline -877 1000 123 0
dline -876 1000 124 0
dline -875 1000 125 0
dline -874 1000 126 0
dline -873 1000 127 0
dline -872 1000 128 0
dline -871 1000 129 0
dline -870 1000 130 0
dline -869 1000 131 0
dline -868 1000 132 0
dline -867 1000 133 0
dline -866 1000 134 0
dline -865 1000 135 0
dline -864 1000 136 0
dline -863 1000 137 0
dline -862 1000 138 0
dline -861 1000 139 0
dline -860 1000 140 0
dline -859 1000 141 0
dline -858 1000 142 0
dline -857 1000 143 0
dline -856 1000 144 0
dline -855 1000 145 0
dline -854 1000 146 0
dline -853 1000 147 0
dline -852 1000 148 0
dline -851 1000 149 0
dline -850 1000 150 0
dline -849 1000 151 0
dline -848 1000 152 0
dline -847 1000 153 0
dline -846 1000 154 0
dline -845 1000 155 0
dline -844 1000 156 0
dline -843 1000 157 0
dline -842 1000 158 0
dline -841 1000 159 0
dline -840 1000 160 0
dline -839 1000 161 0
dline -838 1000 162 0
dline -837 1000 163 0
dline -836 1000 164 0
dline -835 1000 165 0
dline -834 1000 166 0
dline -833 1000 167 0
dline -832 1000 168 0
dline -831 1000 169 0
dline -830 1000 170 0
dline -829 1000 171 0
dline -828 1000 172 0
dline -827 1000 173 0
dline -826 1000 174 0
dline -825 1000 175 0
dline -824 1000 176 0
dline -823 1000 177 0
dline -822 1000 178 0
dline -821 1000 179 0
dline -820 1000 180 0
dline -819 1000 181 0
dline -818 1000 182 0
dline -817 1000 183 0
dline -816 1000 184 0
dline -815 1000 185 0
dline -814 1000 186 0
dline -813 1000 187 0
dline -812 1000 188 0
dline -811 1000 189 0
dline -810 1000 190 0
dline -809 1000 191 0
dline -808 1000 192 0
dline -807 1000 193 0
dline -806 1000 194 0
dline -805 1000 195 0
dline -804 1000 196 0
dline -803 1000 197 0
dline -802 1000 198 0
dline -801 1000 199 0
dline -800 1000 200 0
dline -799 1000 201 0
dline -798 1000 202 0
dline -797 1000 203 0
dline -796 1000 204 0
dline -795 1000 205 0
dline -794 1000 206 0
dline -793 1000 207 0
dline -792 1000 208 0
dline -791 1000 209 0
dline -790 1000 210 0
dline -789 1000 211 0
dline -788 1000 212 0
dline -787 1000 213 0
dline -786 1000 214 0
dline -785 1000 215 0
dline -784 1000 216 0
dline -783 1000 217 0
dline -782 1000 218 0
dline -781 1000 219 0
dline -780 1000 220 0
dline -779 1000 221 0
dline -778 1000 222 0
dline -777 1000 223 0
dline -776 1000 224 0
dline -775 1000 225 0
dline -774 1000 226 0
dline -773 1000 227 0
dline -772 1000 228 0
dline -771 1000 229 0
dline -770 1000 230 0
dline -769 1000 231 0
dline -768 1000 232 0
dline -767 1000 233 0
dline -766 1000 234 0
dline -765 1000 235 0
dline -764 1000 236 0
dline -763 1000 237 0
dline -762 1000 238 0
dline -761 1000 239 0
dline -760 1000 240 0
dline -759 1000 241 0
dline -758 1000 242 0
dline -757 1000 243 0
dline -756 1000 244 0
dline -755 1000 245 0
dline -754 1000 246 0
dline -753 1000 247 0
dline -752 1000 248 0
dline -751 1000 249 0
dline -750 1000 250 0
dline -749 1000 251 0
dline -748 1000 252 0
dline -747 1000 253 0
dline -746 1000 254 0
dline -745 1000 255 0
dline -744 1000 256 0
dline -743 1000 257 0
dline -742 1000 258 0
dline -741 1000 259 0
dline -740 1000 260 0
dline -739 1000 261 0
dline -738 1000 262 0
dline -737 1000 263 0
dline -736 1000 264 0
dline -735 1000 265 0
dline -734 1000 266 0
dline -733 1000 267 0
dline -732 1000 268 0
dline -731 1000 269 0
dline -730 1000 270 0
dline -729 1000 271 0
dline -728 1000 272 0
dline -727 1000 273 0
dline -726 1000 274 0
dline -725 1000 275 0
dline -724 1000 276 0
dline -723 1000 277 0
dline -722 1000 278 0
dline -721 1000 279 0
dline -720 1000 280 0
dline -719 1000 281 0
dline -718 1000 282 0
dline -717 1000 283 0
dline -716 1000 284 0
dline -715 1000 285 0
dline -714 1000 286 0
dline -713 1000 287 0
dline -712 1000 288 0
dline -711 1000 289 0
dline -710 1000 290 0
dline -709 1000 291 0
dline -708 1000 292 0
dline -707 1000 293 0
dline -706 1000 294 0
dline -705 1000 295 0
dline -704 1000 296 0
dline -703 1000 297 0
dline -702 1000 298 0
dline -701 1000 299 0
dline -700 1000 300 0
dline -699 1000 301 0
dline -698 1000 302 0
dline -697 1000 303 0
dline -696 1000 304 0
dline -695 1000 305 0
dline -694 1000 306 0
dline -693 1000 307 0
dline -692 1000 308 0
dline -691 1000 309 0
dline -690 1000 310 0
dline -689 1000 311 0
dline -688 1000 312 0
dline -687 1000 313 0
dline -686 1000 314 0
dline -685 1000 315 0
dline -684 1000 316 0
dline -683 1000 317 0
dline -682 1000 318 0
dline -681 1000 319 0
dline -680 1000 320 0
dline -679 1000 321 0
dline -678 1000 322 0
dline -677 1000 323 0
dline -676 1000 324 0
dline -675 1000 325 0
dline -674 1000 326 0
dline -673 1000 327 0
dline -672 1000 328 0
dline -671 1000 329 0
dline -670 1000 330 0
dline -669 1000 331 0
dline -668 1000 332 0
dline -667 1000 333 0
dline -666 1000 334 0
dline -665 1000 335 0
dline -664 1000 336 0
dline -663 1000 337 0
dline -662 1000 338 0
dline -661 1000 339 0
dline -660 1000 340 0
dline -659 1000 341 0
dline -658 1000 342 0
dline -657 1000 343 0
dline -656 1000 344 0
dline -655 1000 345 0
dline -654 1000 346 0
dline -653 1000 347 0
dline -652 1000 348 0
dline -651 1000 349 0
dline -650 1000 350 0
dline -649 1000 351 0
dline -648 1000 352 0
dline -647 1000 353 0
dline -646 1000 354 0
dline -645 1000 355 0
dline -644 1000 356 0
dline -643 1000 357 0
dline -642 1000 358 0
dline -641 1000 359 0
dline -640 1000 360 0
dline -639 1000 361 0
dline -638 1000 362 0
dline -637 1000 363 0
dline -636 1000 364 0
dline -635 1000 365 0
dline -634 1000 366 0
dline -633 1000 367 0
dline -632 1000 368 0
dline -631 1000 369 0
dline -630 1000 370 0
dline -629 1000 371 0
dline -628 1000 372 0
dline -627 1000 373 0
dline -626 1000 374 0
dline -625 1000 375 0
dline -624 1000 376 0
dline -623 1000 377 0
dline -622 1000 378 0
dline -621 1000 379 0
dline -620 1000 380 0
dline -619 1000 381 0
dline -618 1000 382 0
dline -617 1000 383 0
dline -616 1000 384 0
dline -615 1000 385 0
dline -614 1000 386 0
dline -613 1000 387 0
dline -612 1000 388 0
dline -611 1000 389 0
dline -610 1000 390 0
dline -609 1000 391 0
dline -608 1000 392 0
dline -607 1000 393 0
dline -606 1000 394 0
dline -605 1000 395 0
dline -604 1000 396 0
dline -603 1000 397 0
dline -602 1000 398 0
dline -601 1000 399 0
dline -600 1000 400 0
dline -599 1000 401 0
dline -598 1000 402 0
dline -597 1000 403 0
dline -596 1000 404 0
dline -595 1000 405 0
dline -594 1000 406 0
dline -593 1000 407 0
dline -592 1000 408 0
dline -591 1000 409 0
dline -590 1000 410 0
dline -589 1000 411 0
dline -588 1000 412 0
dline -587 1000 413 0
dline -586 1000 414 0
dline -585 1000 415 0
dline -584 1000 416 0
dline -583 1000 417 0
dline -582 1000 418 0
dline -581 1000 419 0
dline -580 1000 420 0
dline -579 1000 421 0
dline -578 1000 422 0
dline -577 1000 423 0
dline -576 1000 424 0
dline -575 1000 425 0
dline -574 1000 426 0
dline -573 1000 427 0
dline -572 1000 428 0
dline -571 1000 429 0
dline -570 1000 430 0
dline -569 1000 431 0
dline -568 1000 432 0
dline -567 1000 433 0
dline -566 1000 434 0
dline -565 1000 435 0
dline -564 1000 436 0
dline -563 1000 437 0
dline -562 1000 438 0
dline -561 1000 439 0
dline -560 1000 440 0
dline -559 1000 441 0
dline -558 1000 442 0
dline -557 1000 443 0
dline -556 1000 444 0
dline -555 1000 445 0
dline -554 1000 446 0
dline -553 1000 447 0
dline -552 1000 448 0
dline -551 1000 449 0
dline -550 1000 450 0
dline -549 1000 451 0
dline -548 1000 452 0
dline -547 1000 453 0
dline -546 1000 454 0
dline -545 1000 455 0
dline -544 1000 456 0
dline -543 1000 457 0
dline -542 1000 458 0
dline -541 1000 459 0
dline -540 1000 460 0
dline -539 1000 461 0
dline -538 1000 462 0
dline -537 1000 463 0
dline -536 1000 464 0
dline -535 1000 465 0
dline -534 1000 466 0
dline -533 1000 467 0
dline -532 1000 468 0
dline -531 1000 469 0
dline -530 1000 470 0
dline -529 1000 471 0
dline -528 1000 472 0
dline -527 1000 473 0
dline -526 1000 474 0
dline -525 1000 475 0
dline -524 1000 476 0
dline -523 1000 477 0
dline -522 1000 478 0
dline -521 1000 479 0
dline -520 1000 480 0
dline -519 1000 481 0
dline -518 1000 482 0
dline -517 1000 483 0
dline -516 1000 484 0
dline -515 1000 485 0
dline -514 1000 486 0
dline -513 1000 487 0
dline -512 1000 488 0
dline -511 1000 489 0
dline -510 1000 490 0
dline -509 1000 491 0
dline -508 1000 492 0
dline -507 1000 493 0
dline -506 1000 494 0
dline -505 1000 495 0
dline -504 1000 496 0
dline -503 1000 497 0
dline -502 1000 498 0
dline -501 1000 499 0
dline -500 1000 500 0
dline -499 1000 501 0
dline -498 1000 502 0
dline -497 1000 503 0
dline -496 1000 504 0
dline -495 1000 505 0
dline -494 1000 506 0
dline -493 1000 507 0
dline -492 1000 508 0
dline -491 1000 509 0
dline -490 1000 510 0
dline -489 1000 511 0
dline -488 1000 512 0
dline -487 1000 513 0
dline -486 1000 514 0
dline -485 1000 515 0
dline -484 1000 516 0
dline -483 1000 517 0
dline -482 1000 518 0
dline -481 1000 519 0
dline -480 1000 520 0
dline -479 1000 521 0
dline -478 1000 522 0
dline -477 1000 523 0
dline -476 1000 524 0
dline -475 1000 525 0
dline -474 1000 526 0
dline -473 1000 527 0
dline -472 1000 528 0
dline -471 1000 529 0
dline -470 1000 530 0
dline -469 1000 531 0
dline -468 1000 532 0
dline -467 1000 533 0
dline -466 1000 534 0
dline -465 1000 535 0
dline -464 1000 536 0
dline -463 1000 537 0
dline -462 1000 538 0
dline -461 1000 539 0
dline -460 1000 540 0
dline -459 1000 541 0
dline -458 1000 542 0
dline -457 1000 543 0
dline -456 1000 544 0
dline -455 1000 545 0
dline -454 1000 546 0
dline -453 1000 547 0
dline -452 1000 548 0
dline -451 1000 549 0
dline -450 1000 550 0
dline -449 1000 551 0
dline -448 1000 552 0
dline -447 1000 553 0
dline -446 1000 554 0
dline -445 1000 555 0
dline -444 1000 556 0
dline -443 1000 557 0
dline -442 1000 558 0
dline -441 1000 559 0
dline -440 1000 560 0
dline -439 1000 561 0
dline -438 1000 562 0
dline -437 1000 563 0
dline -436 1000 564 0
dline -435 1000 565 0
dline -434 1000 566 0
dline -433 1000 567 0
dline -432 1000 568 0
dline -431 1000 569 0
dline -430 1000 570 0
dline -429 1000 571 0
dline -428 1000 572 0
dline -427 1000 573 0
dline -426 1000 574 0
dline -425 1000 575 0
dline -424 1000 576 0
dline -423 1000 577 0
dline -422 1000 578 0
dline -421 1000 579 0
dline -420 1000 580 0
dline -419 1000 581 0
dline -418 1000 582 0
dline -417 1000 583 0
dline -416 1000 584 0
dline -415 1000 585 0
dline -414 1000 586 0
dline -413 1000 587 0
dline -412 1000 588 0
dline -411 1000 589 0
dline -410 1000 590 0
dline -409 1000 591 0
dline -408 1000 592 0
dline -407 1000 593 0
dline -406 1000 594 0
dline -405 1000 595 0
dline -404 1000 596 0
dline -403 1000 597 0
dline -402 1000 598 0
dline -401 1000 599 0
dline -400 1000 600 0
dline -399 1000 601 0
dline -398 1000 602 0
dline -397 1000 603 0
dline -396 1000 604 0
dline -395 1000 605 0
dline -394 1000 606 0
dline -393 1000 607 0
dline -392 1000 608 0
dline -391 1000 609 0
dline -390 1000 610 0
dline -389 1000 611 0
dline -388 1000 612 0
dline -387 1000 613 0
dline -386 1000 614 0
dline -385 1000 615 0
dline -384 1000 616 0
dline -383 1000 617 0
dline -382 1000 618 0
dline -381 1000 619 0
dline -380 1000 620 0
dline -379 1000 621 0
dline -378 1000 622 0
dline -377 1000 623 0
dline -376 1000 624 0
dline -375 1000 625 0
dline -374 1000 626 0
dline -373 1000 627 0
dline -372 1000 628 0
dline -371 1000 629 0
dline -370 1000 630 0
dline -369 1000 631 0
dline -368 1000 632 0
dline -367 1000 633 0
dline -366 1000 634 0
dline -365 1000 635 0
dline -364 1000 636 0
dline -363 1000 637 0
dline -362 1000 638 0
dline -361 1000 639 0
dline -360 1000 640 0
dline -359 1000 641 0
dline -358 1000 642 0
dline -357 1000 643 0
dline -356 1000 644 0
dline -355 1000 645 0
dline -354 1000 646 0
dline -353 1000 647 0
dline -352 1000 648 0
dline -351 1000 649 0
dline -350 1000 650 0
dline -349 1000 651 0
dline -348 1000 652 0
dline -347 1000 653 0
dline -346 1000 654 0
dline -345 1000 655 0
dline -344 1000 656 0
dline -343 1000 657 0
dline -342 1000 658 0
dline -341 1000 659 0
dline -340 1000 660 0
dline -339 1000 661 0
dline -338 1000 662 0
dline -337 1000 663 0
dline -336 1000 664 0
dline -335 1000 665 0
dline -334 1000 666 0
dline -333 1000 667 0
dline -332 1000 668 0
dline -331 1000 669 0
dline -330 1000 670 0
dline -329 1000 671 0
dline -328 1000 672 0
dline -327 1000 673 0
dline -326 1000 674 0
dline -325 1000 675 0
dline -324 1000 676 0
dline -323 1000 677 0
dline -322 1000 678 0
dline -321 1000 679 0
dline -320 1000 680 0
dline -319 1000 681 0
dline -318 1000 682 0
dline -317 1000 683 0
dline -316 1000 684 0
dline -315 1000 685 0
dline -314 1000 686 0
dline -313 1000 687 0
dline -312 1000 688 0
dline -311 1000 689 0
dline -310 1000 690 0
dline -309 1000 691 0
dline -308 1000 692 0
dline -307 1000 693 0
dline -306 1000 694 0
dline -305 1000 695 0
dline -304 1000 696 0
dline -303 1000 697 0
dline -302 1000 698 0
dline -301 1000 699 0
dline -300 1000 700 0
dline -299 1000 701 0
dline -298 1000 702 0
dline -297 1000 703 0
dline -296 1000 704 0
dline -295 1000 705 0
dline -294 1000 706 0
dline -293 1000 707 0
dline -292 1000 708 0
dline -291 1000 709 0
dline -290 1000 710 0
dline -289 1000 711 0
dline -288 1000 712 0
dline -287 1000 713 0
dline -286 1000 714 0
dline -285 1000 715 0
dline -284 1000 716 0
dline -283 1000 717 0
dline -282 1000 718 0
dline -281 1000 719 0
dline -280 1000 720 0
dline -279 1000 721 0
dline -278 1000 722 0
dline -277 1000 723 0
dline -276 1000 724 0
dline -275 1000 725 0
dline -274 1000 726 0
dline -273 1000 727 0
dline -272 1000 728 0
dline -271 1000 729 0
dline -270 1000 730 0
dline -269 1000 731 0
dline -268 1000 732 0
dline -267 1000 733 0
dline -266 1000 734 0
dline -265 1000 735 0
dline -264 1000 736 0
dline -263 1000 737 0
dline -262 1000 738 0
dline -261 1000 739 0
dline -260 1000 740 0
dline -259 1000 741 0
dline -258 1000 742 0
dline -257 1000 743 0
dline -256 1000 744 0
dline -255 1000 745 0
dline -254 1000 746 0
dline -253 1000 747 0
dline -252 1000 748 0
dline -251 1000 749 0
dline -250 1000 750 0
dline -249 1000 751 0
dline -248 1000 752 0
dline -247 1000 753 0
dline -246 1000 754 0
dline -245 1000 755 0
dline -244 1000 756 0
dline -243 1000 757 0
dline -242 1000 758 0
dline -241 1000 759 0
dline -240 1000 760 0
dline -239 1000 761 0
dline -238 1000 762 0
dline -237 1000 763 0
dline -236 1000 764 0
dline -235 1000 765 0
dline -234 1000 766 0
dline -233 1000 767 0
dline -232 1000 768 0
dline -231 1000 769 0
dline -230 1000 770 0
dline -229 1000 771 0
dline -228 1000 772 0
dline -227 1000 773 0
dline -226 1000 774 0
dline -225 1000 775 0
dline -224 1000 776 0
dline -223 1000 777 0
dline -222 1000 778 0
dline -221 1000 779 0
dline -220 1000 780 0
dline -219 1000 781 0
dline -218 1000 782 0
dline -217 1000 783 0
dline -216 1000 784 0
dline -215 1000 785 0
dline -214 1000 786 0
dline -213 1000 787 0
dline -212 1000 788 0
dline -211 1000 789 0
dline -210 1000 790 0
dline -209 1000 791 0
dline -208 1000 792 0
dline -207 1000 793 0
dline -206 1000 794 0
dline -205 1000 795 0
dline -204 1000 796 0
dline -203 1000 797 0
dline -202 1000 798 0
dline -201 1000 799 0
dline -200 1000 800 0
dline -199 1000 801 0
dline -198 1000 802 0
dline -197 1000 803 0
dline -196 1000 804 0
dline -195 1000 805 0
dline -194 1000 806 0
dline -193 1000 807 0
dline -192 1000 808 0
dline -191 1000 809 0
dline -190 1000 810 0
dline -189 1000 811 0
dline -188 1000 812 0
dline -187 1000 813 0
dline -186 1000 814 0
dline -185 1000 815 0
dline -184 1000 816 0
dline -183 1000 817 0
dline -182 1000 818 0
dline -181 1000 819 0
dline -180 1000 820 0
dline -179 1000 821 0
dline -178 1000 822 0
dline -177 1000 823 0
dline -176 1000 824 0
dline -175 1000 825 0
dline -174 1000 826 0
dline -173 1000 827 0
dline -172 1000 828 0
dline -171 1000 829 0
dline -170 1000 830 0
dline -169 1000 831 0
dline -168 1000 832 0
dline -167 1000 833 0
dline -166 1000 834 0
dline -165 1000 835 0
dline -164 1000 836 0
dline -163 1000 837 0
dline -162 1000 838 0
dline -161 1000 839 0
dline -160 1000 840 0
dline -159 1000 841 0
dline -158 1000 842 0
dline -157 1000 843 0
dline -156 1000 844 0
dline -155 1000 845 0
dline -154 1000 846 0
dline -153 1000 847 0
dline -152 1000 848 0
dline -151 1000 849 0
dline -150 1000 850 0
dline -149 1000 851 0
dline -148 1000 852 0
dline -147 1000 853 0
dline -146 1000 854 0
dline -145 1000 855 0
dline -144 1000 856 0
dline -143 1000 857 0
dline -142 1000 858 0
dline -141 1000 859 0
dline -140 1000 860 0
dline -139 1000 861 0
dline -138 1000 862 0
dline -137 1000 863 0
dline -136 1000 864 0
dline -135 1000 865 0
dline -134 1000 866 0
dline -133 1000 867 0
dline -132 1000 868 0
dline -131 1000 869 0
dline -130 1000 870 0
dline -129 1000 871 0
dline -128 1000 872 0
dline -127 1000 873 0
dline -126 1000 874 0
dline -125 1000 875 0
dline -124 1000 876 0
dline -123 1000 877 0
dline -122 1000 878 0
dline -121 1000 879 0
dline -120 1000 880 0
dline -119 1000 881 0
dline -118 1000 882 0
dline -117 1000 883 0
dline -116 1000 884 0
dline -115 1000 885 0
dline -114 1000 886 0
dline -113 1000 887 0
dline -112 1000 888 0
dline -111 1000 889 0
dline -110 1000 890 0
dline -109 1000 891 0
dline -108 1000 892 0
dline -107 1000 893 0
dline -106 1000 894 0
dline -105 1000 895 0
dline -104 1000 896 0
dline -103 1000 897 0
dline -102 1000 898 0
dline -101 1000 899 0
dline -100 1000 900 0
dline -99 1000 901 0
dline -98 1000 902 0
dline -97 1000 903 0
dline -96 1000 904 0
dline -95 1000 905 0
dline -94 1000 906 0
dline -93 1000 907 0
dline -92 1000 908 0
dline -91 1000 909 0
dline -90 1000 910 0
dline -89 1000 911 0
dline -88 1000 912 0
dline -87 1000 913 0
dline -86 1000 914 0
dline -85 1000 915 0
dline -84 1000 916 0
dline -83 1000 917 0
dline -82 1000 918 0
dline -81 1000 919 0
dline -80 1000 920 0
dline -79 1000 921 0
dline -78 1000 922 0
dline -77 1000 923 0
dline -76 1000 924 0
dline -75 1000 925 0
dline -74 1000 926 0
dline -73 1000 927 0
dline -72 1000 928 0
dline -71 1000 929 0
dline -70 1000 930 0
dline -69 1000 931 0
dline -68 1000 932 0
dline -67 1000 933 0
dline -66 1000 934 0
dline -65 1000 935 0
dline -64 1000 936 0
dline -63 1000 937 0
dline -62 1000 938 0
dline -61 1000 939 0
dline -60 1000 940 0
dline -59 1000 941 0
dline -58 1000 942 0
dline -57 1000 943 0
dline -56 1000 944 0
dline -55 1000 945 0
dline -54 1000 946 0
dline -53 1000 947 0
dline -52 1000 948 0
dline -51 1000 949 0
dline -50 1000 950 0
dline -49 1000 951 0
dline -48 1000 952 0
dline -47 1000 953 0
dline -46 1000 954 0
dline -45 1000 955 0
dline -44 1000 956 0
dline -43 1000 957 0
dline -42 1000 958 0
dline -41 1000 959 0
dline -40 1000 960 0
dline -39 1000 961 0
dline -38 1000 962 0
dline -37 1000 963 0
dline -36 1000 964 0
dline -35 1000 965 0
dline -34 1000 966 0
dline -33 1000 967 0
dline -32 1000 968 0
dline -31 1000 969 0
dline -30 1000 970 0
dline -29 1000 971 0
dline -28 1000 972 0
dline -27 1000 973 0
dline -26 1000 974 0
dline -25 1000 975 0
dline -24 1000 976 0
dline -23 1000 977 0
dline -22 1000 978 0
dline -21 1000 979 0
dline -20 1000 980 0
dline -19 1000 981 0
dline -18 1000 982 0
dline -17 1000 983 0
dline -16 1000 984 0
dline -15 1000 985 0
dline -14 1000 986 0
dline -13 1000 987 0
dline -12 1000 988 0
dline -11 1000 989 0
dline -10 1000 990 0
dline -9 1000 991 0
dline -8 1000 992 0
dline -7 1000 993 0
dline -6 1000 994 0
dline -5 1000 995 0
dline -4 1000 996 0
dline -3 1000 997 0
dline -2 1000 998 0
dline -1 1000 999 0
dline 0 1000 1000 0
dline 1 1000 1001 0
dline 2 1000 1002 0
dline 3 1000 1003 0
dline 4 1000 1004 0
dline 5 1000 1005 0
dline 6 1000 1006 0
dline 7 1000 1007 0
dline 8 1000 1008 0
dline 9 1000 1009 0
dline 10 1000 1010 0
dline 11 1000 1011 0
dline 12 1000 1012 0
dline 13 1000 1013 0
dline 14 1000 1014 0
dline 15 1000 1015 0
dline 16 1000 1016 0
dline 17 1000 1017 0
dline 18 1000 1018 0
dline 19 1000 1019 0
dline 20 1000 1020 0
dline 21 1000 1021 0
dline 22 1000 1022 0
dline 23 1000 1023 0
dline 24 1000 1024 0
dline 25 1000 1025 0
dline 26 1000 1026 0
dline 27 1000 1027 0
dline 28 1000 1028 0
dline 29 1000 1029 0
dline 30 1000 1030 0
dline 31 1000 1031 0
dline 32 1000 1032 0
dline 33 1000 1033 0
dline 34 1000 1034 0
dline 35 1000 1035 0
dline 36 1000 1036 0
dline 37 1000 1037 0
dline 38 1000 1038 0
dline 39 1000 1039 0
dline 40 1000 1040 0
dline 41 1000 1041 0
dline 42 1000 1042 0
dline 43 1000 1043 0
dline 44 1000 1044 0
dline 45 1000 1045 0
dline 46 1000 1046 0
dline 47 1000 1047 0
dline 48 1000 1048 0
dline 49 1000 1049 0
dline 50 1000 1050 0
dline 51 1000 1051 0
dline 52 1000 1052 0
dline 53 1000 1053 0
dline 54 1000 1054 0
dline 55 1000 1055 0
dline 56 1000 1056 0
dline 57 1000 1057 0
dline 58 1000 1058 0
dline 59 1000 1059 0
dline 60 1000 1060 0
dline 61 1000 1061 0
dline 62 1000 1062 0
dline 63 1000 1063 0
dline 64 1000 1064 0
dline 65 1000 1065 0
dline 66 1000 1066 0
dline 67 1000 1067 0
dline 68 1000 1068 0
dline 69 1000 1069 0
dline 70 1000 1070 0
dline 71 1000 1071 0
dline 72 1000 1072 0
dline 73 1000 1073 0
dline 74 1000 1074 0
dline 75 1000 1075 0
dline 76 1000 1076 0
dline 77 1000 1077 0
dline 78 1000 1078 0
dline 79 1000 1079 0
dline 80 1000 1080 0
dline 81 1000 1081 0
dline 82 1000 1082 0
dline 83 1000 1083 0
dline 84 1000 1084 0
dline 85 1000 1085 0
dline 86 1000 1086 0
dline 87 1000 1087 0
dline 88 1000 1088 0
dline 89 1000 1089 0
dline 90 1000 1090 0
dline 91 1000 1091 0
dline 92 1000 1092 0
dline 93 1000 1093 0
dline 94 1000 1094 0
dline 95 1000 1095 0
dline 96 1000 1096 0
dline 97 1000 1097 0
dline 98 1000 1098 0
dline 99 1000 1099 0
dline 100 1000 1100 0
dline 101 1000 1101 0
dline 102 1000 1102 0
dline 103 1000 1103 0
dline 104 1000 1104 0
dline 105 1000 1105 0
dline 106 1000 1106 0
dline 107 1000 1107 0
dline 108 1000 1108 0
dline 109 1000 1109 0
dline 110 1000 1110 0
dline 111 1000 1111 0
dline 112 1000 1112 0
dline 113 1000 1113 0
dline 114 1000 1114 0
dline 115 1000 1115 0
dline 116 1000 1116 0
dline 117 1000 1117 0
dline 118 1000 1118 0
dline 119 1000 1119 0
dline 120 1000 1120 0
dline 121 1000 1121 0
dline 122 1000 1122 0
dline 123 1000 1123 0
dline 124 1000 1124 0
dline 125 1000 1125 0
dline 126 1000 1126 0
dline 127 1000 1127 0
dline 128 1000 1128 0
dline 129 1000 1129 0
dline 130 1000 1130 0
dline 131 1000 1131 0
dline 132 1000 1132 0
dline 133 1000 1133 0
dline 134 1000 1134 0
dline 135 1000 1135 0
dline 136 1000 1136 0
dline 137 1000 1137 0
dline 138 1000 1138 0
dline 139 1000 1139 0
dline 140 1000 1140 0
dline 141 1000 1141 0
dline 142 1000 1142 0
dline 143 1000 1143 0
dline 144 1000 1144 0
dline 145 1000 1145 0
dline 146 1000 1146 0
dline 147 1000 1147 0
dline 148 1000 1148 0
dline 149 1000 1149 0
dline 150 1000 1150 0
dline 151 1000 1151 0
dline 152 1000 1152 0
dline 153 1000 1153 0
dline 154 1000 1154 0
dline 155 1000 1155 0
dline 156 1000 1156 0
dline 157 1000 1157 0
dline 158 1000 1158 0
dline 159 1000 1159 0
dline 160 1000 1160 0
dline 161 1000 1161 0
dline 162 1000 1162 0
dline 163 1000 1163 0
dline 164 1000 1164 0
dline 165 1000 1165 0
dline 166 1000 1166 0
dline 167 1000 1167 0
dline 168 1000 1168 0
dline 169 1000 1169 0
dline 170 1000 1170 0
dline 171 1000 1171 0
dline 172 1000 1172 0
dline 173 1000 1173 0
dline 174 1000 1174 0
dline 175 1000 1175 0
dline 176 1000 1176 0
dline 177 1000 1177 0
dline 178 1000 1178 0
dline 179 1000 1179 0
dline 180 1000 1180 0
dline 181 1000 1181 0
dline 182 1000 1182 0
dline 183 1000 1183 0
dline 184 1000 1184 0
dline 185 1000 1185 0
dline 186 1000 1186 0
dline 187 1000 1187 0
dline 188 1000 1188 0
dline 189 1000 1189 0
dline 190 1000 1190 0
dline 191 1000 1191 0
dline 192 1000 1192 0
dline 193 1000 1193 0
dline 194 1000 1194 0
dline 195 1000 1195 0
dline 196 1000 1196 0
dline 197 1000 1197 0
dline 198 1000 1198 0
dline 199 1000 1199 0
dline 200 1000 1200 0
dline 201 1000 1201 0
dline 202 1000 1202 0
dline 203 1000 1203 0
dline 204 1000 1204 0
dline 205 1000 1205 0
dline 206 1000 1206 0
dline 207 1000 1207 0
dline 208 1000 1208 0
dline 209 1000 1209 0
dline 210 1000 1210 0
dline 211 1000 1211 0
dline 212 1000 1212 0
dline 213 1000 1213 0
dline 214 1000 1214 0
dline 215 1000 1215 0
dline 216 1000 1216 0
dline 217 1000 1217 0
dline 218 1000 1218 0
dline 219 1000 1219 0
dline 220 1000 1220 0
dline 221 1000 1221 0
dline 222 1000 1222 0
dline 223 1000 1223 0
dline 224 1000 1224 0
dline 225 1000 1225 0
dline 226 1000 1226 0
dline 227 1000 1227 0
dline 228 1000 1228 0
dline 229 1000 1229 0
dline 230 1000 1230 0
dline 231 1000 1231 0
dline 232 1000 1232 0
dline 233 1000 1233 0
dline 234 1000 1234 0
dline 235 1000 1235 0
dline 236 1000 1236 0
dline 237 1000 1237 0
dline 238 1000 1238 0
dline 239 1000 1239 0
dline 240 1000 1240 0
dline 241 1000 1241 0
dline 242 1000 1242 0
dline 243 1000 1243 0
dline 244 1000 1244 0
dline 245 1000 1245 0
dline 246 1000 1246 0
dline 247 1000 1247 0
dline 248 1000 1248 0
dline 249 1000 1249 0
dline 250 1000 1250 0
dline 251 1000 1251 0
dline 252 1000 1252 0
dline 253 1000 1253 0
dline 254 1000 1254 0
dline 255 1000 1255 0
dline 256 1000 1256 0
dline 257 1000 1257 0
dline 258 1000 1258 0
dline 259 1000 1259 0
dline 260 1000 1260 0
dline 261 1000 1261 0
dline 262 1000 1262 0
dline 263 1000 1263 0
dline 264 1000 1264 0
dline 265 1000 1265 0
dline 266 1000 1266 0
dline 267 1000 1267 0
dline 268 1000 1268 0
dline 269 1000 1269 0
dline 270 1000 1270 0
dline 271 1000 1271 0
dline 272 1000 1272 0
dline 273 1000 1273 0
dline 274 1000 1274 0
dline 275 1000 1275 0
dline 276 1000 1276 0
dline 277 1000 1277 0
dline 278 1000 1278 0
dline 279 1000 1279 0
dline 280 1000 1280 0
dline 281 1000 1281 0
dline 282 1000 1282 0
dline 283 1000 1283 0
dline 284 1000 1284 0
dline 285 1000 1285 0
dline 286 1000 1286 0
dline 287 1000 1287 0
dline 288 1000 1288 0
dline 289 1000 1289 0
dline 290 1000 1290 0
dline 291 1000 1291 0
dline 292 1000 1292 0
dline 293 1000 1293 0
dline 294 1000 1294 0
dline 295 1000 1295 0
dline 296 1000 1296 0
dline 297 1000 1297 0
dline 298 1000 1298 0
dline 299 1000 1299 0
dline 300 1000 1300 0
dline 301 1000 1301 0
dline 302 1000 1302 0
dline 303 1000 1303 0
dline 304 1000 1304 0
dline 305 1000 1305 0
dline 306 1000 1306 0
dline 307 1000 1307 0
dline 308 1000 1308 0
dline 309 1000 1309 0
dline 310 1000 1310 0
dline 311 1000 1311 0
dline 312 1000 1312 0
dline 313 1000 1313 0
dline 314 1000 1314 0
dline 315 1000 1315 0
dline 316 1000 1316 0
dline 317 1000 1317 0
dline 318 1000 1318 0
dline 319 1000 1319 0
dline 320 1000 1320 0
dline 321 1000 1321 0
dline 322 1000 1322 0
dline 323 1000 1323 0
dline 324 1000 1324 0
dline 325 1000 1325 0
dline 326 1000 1326 0
dline 327 1000 1327 0
dline 328 1000 1328 0
dline 329 1000 1329 0
dline 330 1000 1330 0
dline 331 1000 1331 0
dline 332 1000 1332 0
dline 333 1000 1333 0
dline 334 1000 1334 0
dline 335 1000 1335 0
dline 336 1000 1336 0
dline 337 1000 1337 0
dline 338 1000 1338 0
dline 339 1000 1339 0
dline 340 1000 1340 0
dline 341 1000 1341 0
dline 342 1000 1342 0
dline 343 1000 1343 0
dline 344 1000 1344 0
dline 345 1000 1345 0
dline 346 1000 1346 0
dline 347 1000 1347 0
dline 348 1000 1348 0
dline 349 1000 1349 0
dline 350 1000 1350 0
dline 351 1000 1351 0
dline 352 1000 1352 0
dline 353 1000 1353 0
dline 354 1000 1354 0
dline 355 1000 1355 0
dline 356 1000 1356 0
dline 357 1000 1357 0
dline 358 1000 1358 0
dline 359 1000 1359 0
dline 360 1000 1360 0
dline 361 1000 1361 0
dline 362 1000 1362 0
dline 363 1000 1363 0
dline 364 1000 1364 0
dline 365 1000 1365 0
dline 366 1000 1366 0
dline 367 1000 1367 0
dline 368 1000 1368 0
dline 369 1000 1369 0
dline 370 1000 1370 0
dline 371 1000 1371 0
dline 372 1000 1372 0
dline 373 1000 1373 0
dline 374 1000 1374 0
dline 375 1000 1375 0
dline 376 1000 1376 0
dline 377 1000 1377 0
dline 378 1000 1378 0
dline 379 1000 1379 0
dline 380 1000 1380 0
dline 381 1000 1381 0
dline 382 1000 1382 0
dline 383 1000 1383 0
dline 384 1000 1384 0
dline 385 1000 1385 0
dline 386 1000 1386 0
dline 387 1000 1387 0
dline 388 1000 1388 0
dline 389 1000 1389 0
dline 390 1000 1390 0
dline 391 1000 1391 0
dline 392 1000 1392 0
dline 393 1000 1393 0
dline 394 1000 1394 0
dline 395 1000 1395 0
dline 396 1000 1396 0
dline 397 1000 1397 0
dline 398 1000 1398 0
dline 399 1000 1399 0
dline 400 1000 1400 0
dline 401 1000 1401 0
dline 402 1000 1402 0
dline 403 1000 1403 0
dline 404 1000 1404 0
dline 405 1000 1405 0
dline 406 1000 1406 0
dline 407 1000 1407 0
dline 408 1000 1408 0
dline 409 1000 1409 0
dline 410 1000 1410 0
dline 411 1000 1411 0
dline 412 1000 1412 0
dline 413 1000 1413 0
dline 414 1000 1414 0
dline 415 1000 1415 0
dline 416 1000 1416 0
dline 417 1000 1417 0
dline 418 1000 1418 0
dline 419 1000 1419 0
dline 420 1000 1420 0
dline 421 1000 1421 0
dline 422 1000 1422 0
dline 423 1000 1423 0
dline 424 1000 1424 0
dline 425 1000 1425 0
dline 426 1000 1426 0
dline 427 1000 1427 0
dline 428 1000 1428 0
dline 429 1000 1429 0
dline 430 1000 1430 0
dline 431 1000 1431 0
dline 432 1000 1432 0
dline 433 1000 1433 0
dline 434 1000 1434 0
dline 435 1000 1435 0
dline 436 1000 1436 0
dline 437 1000 1437 0
dline 438 1000 1438 0
dline 439 1000 1439 0
dline 440 1000 1440 0
dline 441 1000 1441 0
dline 442 1000 1442 0
dline 443 1000 1443 0
dline 444 1000 1444 0
dline 445 1000 1445 0
dline 446 1000 1446 0
dline 447 1000 1447 0
dline 448 1000 1448 0
dline 449 1000 1449 0
dline 450 1000 1450 0
dline 451 1000 1451 0
dline 452 1000 1452 0
dline 453 1000 1453 0
dline 454 1000 1454 0
dline 455 1000 1455 0
dline 456 1000 1456 0
dline 457 1000 1457 0
dline 458 1000 1458 0
dline 459 1000 1459 0
dline 460 1000 1460 0
dline 461 1000 1461 0
dline 462 1000 1462 0
dline 463 1000 1463 0
dline 464 1000 1464 0
dline 465 1000 1465 0
dline 466 1000 1466 0
dline 467 1000 1467 0
dline 468 1000 1468 0
dline 469 1000 1469 0
dline 470 1000 1470 0
dline 471 1000 1471 0
dline 472 1000 1472 0
dline 473 1000 1473 0
dline 474 1000 1474 0
dline 475 1000 1475 0
dline 476 1000 1476 0
dline 477 1000 1477 0
dline 478 1000 1478 0
dline 479 1000 1479 0
dline 480 1000 1480 0
dline 481 1000 1481 0
dline 482 1000 1482 0
dline 483 1000 1483 0
dline 484 1000 1484 0
dline 485 1000 1485 0
dline 486 1000 1486 0
dline 487 1000 1487 0
dline 488 1000 1488 0
dline 489 1000 1489 0
dline 490 1000 1490 0
dline 491 1000 1491 0
dline 492 1000 1492 0
dline 493 1000 1493 0
dline 494 1000 1494 0
dline 495 1000 1495 0
dline 496 1000 1496 0
dline 497 1000 1497 0
dline 498 1000 1498 0
dline 499 1000 1499 0
dline 500 1000 1500 0
dline 501 1000 1501 0
dline 502 1000 1502 0
dline 503 1000 1503 0
dline 504 1000 1504 0
dline 505 1000 1505 0
dline 506 1000 1506 0
dline 507 1000 1507 0
dline 508 1000 1508 0
dline 509 1000 1509 0
dline 510 1000 1510 0
dline 511 1000 1511 0
dline 512 1000 1512 0
dline 513 1000 1513 0
dline 514 1000 1514 0
dline 515 1000 1515 0
dline 516 1000 1516 0
dline 517 1000 1517 0
dline 518 1000 1518 0
dline 519 1000 1519 0
dline 520 1000 1520 0
dline 521 1000 1521 0
dline 522 1000 1522 0
dline 523 1000 1523 0
dline 524 1000 1524 0
dline 525 1000 1525 0
dline 526 1000 1526 0
dline 527 1000 1527 0
dline 528 1000 1528 0
dline 529 1000 1529 0
dline 530 1000 1530 0
dline 531 1000 1531 0
dline 532 1000 1532 0
dline 533 1000 1533 0
dline 534 1000 1534 0
dline 535 1000 1535 0
dline 536 1000 1536 0
dline 537 1000 1537 0
dline 538 1000 1538 0
dline 539 1000 1539 0
dline 540 1000 1540 0
dline 541 1000 1541 0
dline 542 1000 1542 0
dline 543 1000 1543 0
dline 544 1000 1544 0
dline 545 1000 1545 0
dline 546 1000 1546 0
dline 547 1000 1547 0
dline 548 1000 1548 0
dline 549 1000 1549 0
dline 550 1000 1550 0
dline 551 1000 1551 0
dline 552 1000 1552 0
dline 553 1000 1553 0
dline 554 1000 1554 0
dline 555 1000 1555 0
dline 556 1000 1556 0
dline 557 1000 1557 0
dline 558 1000 1558 0
dline 559 1000 1559 0
dline 560 1000 1560 0
dline 561 1000 1561 0
dline 562 1000 1562 0
dline 563 1000 1563 0
dline 564 1000 1564 0
dline 565 1000 1565 0
dline 566 1000 1566 0
dline 567 1000 1567 0
dline 568 1000 1568 0
dline 569 1000 1569 0
dline 570 1000 1570 0
dline 571 1000 1571 0
dline 572 1000 1572 0
dline 573 1000 1573 0
dline 574 1000 1574 0
dline 575 1000 1575 0
dline 576 1000 1576 0
dline 577 1000 1577 0
dline 578 1000 1578 0
dline 579 1000 1579 0
dline 580 1000 1580 0
dline 581 1000 1581 0
dline 582 1000 1582 0
dline 583 1000 1583 0
dline 584 1000 1584 0
dline 585 1000 1585 0
dline 586 1000 1586 0
dline 587 1000 1587 0
dline 588 1000 1588 0
dline 589 1000 1589 0
dline 590 1000 1590 0
dline 591 1000 1591 0
dline 592 1000 1592 0
dline 593 1000 1593 0
dline 594 1000 1594 0
dline 595 1000 1595 0
dline 596 1000 1596 0
dline 597 1000 1597 0
dline 598 1000 1598 0
dline 599 1000 1599 0
dline 600 1000 1600 0
dline 601 1000 1601 0
dline 602 1000 1602 0
dline 603 1000 1603 0
dline 604 1000 1604 0
dline 605 1000 1605 0
dline 606 1000 1606 0
dline 607 1000 1607 0
dline 608 1000 1608 0
dline 609 1000 1609 0
dline 610 1000 1610 0
dline 611 1000 1611 0
dline 612 1000 1612 0
dline 613 1000 1613 0
dline 614 1000 1614 0
dline 615 1000 1615 0
dline 616 1000 1616 0
dline 617 1000 1617 0
dline 618 1000 1618 0
dline 619 1000 1619 0
dline 620 1000 1620 0
dline 621 1000 1621 0
dline 622 1000 1622 0
dline 623 1000 1623 0
dline 624 1000 1624 0
dline 625 1000 1625 0
dline 626 1000 1626 0
dline 627 1000 1627 0
dline 628 1000 1628 0
dline 629 1000 1629 0
dline 630 1000 1630 0
dline 631 1000 1631 0
dline 632 1000 1632 0
dline 633 1000 1633 0
dline 634 1000 1634 0
dline 635 1000 1635 0
dline 636 1000 1636 0
dline 637 1000 1637 0
dline 638 1000 1638 0
dline 639 1000 1639 0
dline 640 1000 1640 0
dline 641 1000 1641 0
dline 642 1000 1642 0
dline 643 1000 1643 0
dline 644 1000 1644 0
dline 645 1000 1645 0
dline 646 1000 1646 0
dline 647 1000 1647 0
dline 648 1000 1648 0
dline 649 1000 1649 0
dline 650 1000 1650 0
dline 651 1000 1651 0
dline 652 1000 1652 0
dline 653 1000 1653 0
dline 654 1000 1654 0
dline 655 1000 1655 0
dline 656 1000 1656 0
dline 657 1000 1657 0
dline 658 1000 1658 0
dline 659 1000 1659 0
dline 660 1000 1660 0
dline 661 1000 1661 0
dline 662 1000 1662 0
dline 663 1000 1663 0
dline 664 1000 1664 0
dline 665 1000 1665 0
dline 666 1000 1666 0
dline 667 1000 1667 0
dline 668 1000 1668 0
dline 669 1000 1669 0
dline 670 1000 1670 0
dline 671 1000 1671 0
dline 672 1000 1672 0
dline 673 1000 1673 0
dline 674 1000 1674 0
dline 675 1000 1675 0
dline 676 1000 1676 0
dline 677 1000 1677 0
dline 678 1000 1678 0
dline 679 1000 1679 0
dline 680 1000 1680 0
dline 681 1000 1681 0
dline 682 1000 1682 0
dline 683 1000 1683 0
dline 684 1000 1684 0
dline 685 1000 1685 0
dline 686 1000 1686 0
dline 687 1000 1687 0
dline 688 1000 1688 0
dline 689 1000 1689 0
dline 690 1000 1690 0
dline 691 1000 1691 0
dline 692 1000 1692 0
dline 693 1000 1693 0
dline 694 1000 1694 0
dline 695 1000 1695 0
dline 696 1000 1696 0
dline 697 1000 1697 0
dline 698 1000 1698 0
dline 699 1000 1699 0
dline 700 1000 1700 0
dline 701 1000 1701 0
dline 702 1000 1702 0
dline 703 1000 1703 0
dline 704 1000 1704 0
dline 705 1000 1705 0
dline 706 1000 1706 0
dline 707 1000 1707 0
dline 708 1000 1708 0
dline 709 1000 1709 0
dline 710 1000 1710 0
dline 711 1000 1711 0
dline 712 1000 1712 0
dline 713 1000 1713 0
dline 714 1000 1714 0
dline 715 1000 1715 0
dline 716 1000 1716 0
dline 717 1000 1717 0
dline 718 1000 1718 0
dline 719 1000 1719 0
dline 720 1000 1720 0
dline 721 1000 1721 0
dline 722 1000 1722 0
dline 723 1000 1723 0
dline 724 1000 1724 0
dline 725 1000 1725 0
dline 726 1000 1726 0
dline 727 1000 1727 0
dline 728 1000 1728 0
dline 729 1000 1729 0
dline 730 1000 1730 0
dline 731 1000 1731 0
dline 732 1000 1732 0
dline 733 1000 1733 0
dline 734 1000 1734 0
dline 735 1000 1735 0
dline 736 1000 1736 0
dline 737 1000 1737 0
dline 738 1000 1738 0
dline 739 1000 1739 0
dline 740 1000 1740 0
dline 741 1000 1741 0
dline 742 1000 1742 0
dline 743 1000 1743 0
dline 744 1000 1744 0
dline 745 1000 1745 0
dline 746 1000 1746 0
dline 747 1000 1747 0
dline 748 1000 1748 0
dline 749 1000 1749 0
dline 750 1000 1750 0
dline 751 1000 1751 0
dline 752 1000 1752 0
dline 753 1000 1753 0
dline 754 1000 1754 0
dline 755 1000 1755 0
dline 756 1000 1756 0
dline 757 1000 1757 0
dline 758 1000 1758 0
dline 759 1000 1759 0
dline 760 1000 1760 0
dline 761 1000 1761 0
dline 762 1000 1762 0
dline 763 1000 1763 0
dline 764 1000 1764 0
dline 765 1000 1765 0
dline 766 1000 1766 0
dline 767 1000 1767 0
dline 768 1000 1768 0
dline 769 1000 1769 0
dline 770 1000 1770 0
dline 771 1000 1771 0
dline 772 1000 1772 0
dline 773 1000 1773 0
dline 774 1000 1774 0
dline 775 1000 1775 0
dline 776 1000 1776 0
dline 777 1000 1777 0
dline 778 1000 1778 0
dline 779 1000 1779 0
dline 780 1000 1780 0
dline 781 1000 1781 0
dline 782 1000 1782 0
dline 783 1000 1783 0
dline 784 1000 1784 0
dline 785 1000 1785 0
dline 786 1000 1786 0
dline 787 1000 1787 0
dline 788 1000 1788 0
dline 789 1000 1789 0
dline 790 1000 1790 0
dline 791 1000 1791 0
dline 792 1000 1792 0
dline 793 1000 1793 0
dline 794 1000 1794 0
dline 795 1000 1795 0
dline 796 1000 1796 0
dline 797 1000 1797 0
dline 798 1000 1798 0
dline 799 1000 1799 0
dline 800 1000 1800 0
dline 801 1000 1801 0
dline 802 1000 1802 0
dline 803 1000 1803 0
dline 804 1000 1804 0
dline 805 1000 1805 0
dline 806 1000 1806 0
dline 807 1000 1807 0
dline 808 1000 1808 0
dline 809 1000 1809 0
dline 810 1000 1810 0
dline 811 1000 1811 0
dline 812 1000 1812 0
dline 813 1000 1813 0
dline 814 1000 1814 0
dline 815 1000 1815 0
dline 816 1000 1816 0
dline 817 1000 1817 0
dline 818 1000 1818 0
dline 819 1000 1819 0
dline 820 1000 1820 0
dline 821 1000 1821 0
dline 822 1000 1822 0
dline 823 1000 1823 0
dline 824 1000 1824 0
dline 825 1000 1825 0
dline 826 1000 1826 0
dline 827 1000 1827 0
dline 828 1000 1828 0
dline 829 1000 1829 0
dline 830 1000 1830 0
dline 831 1000 1831 0
dline 832 1000 1832 0
dline 833 1000 1833 0
dline 834 1000 1834 0
dline 835 1000 1835 0
dline 836 1000 1836 0
dline 837 1000 1837 0
dline 838 1000 1838 0
dline 839 1000 1839 0
dline 840 1000 1840 0
dline 841 1000 1841 0
dline 842 1000 1842 0
dline 843 1000 1843 0
dline 844 1000 1844 0
dline 845 1000 1845 0
dline 846 1000 1846 0
dline 847 1000 1847 0
dline 848 1000 1848 0
dline 849 1000 1849 0
dline 850 1000 1850 0
dline 851 1000 1851 0
dline 852 1000 1852 0
dline 853 1000 1853 0
dline 854 1000 1854 0
dline 855 1000 1855 0
dline 856 1000 1856 0
dline 857 1000 1857 0
dline 858 1000 1858 0
dline 859 1000 1859 0
dline 860 1000 1860 0
dline 861 1000 1861 0
dline 862 1000 1862 0
dline 863 1000 1863 0
dline 864 1000 1864 0
dline 865 1000 1865 0
dline 866 1000 1866 0
dline 867 1000 1867 0
dline 868 1000 1868 0
dline 869 1000 1869 0
dline 870 1000 1870 0
dline 871 1000 1871 0
dline 872 1000 1872 0
dline 873 1000 1873 0
dline 874 1000 1874 0
dline 875 1000 1875 0
dline 876 1000 1876 0
dline 877 1000 1877 0
dline 878 1000 1878 0
dline 879 1000 1879 0
dline 880 1000 1880 0
dline 881 1000 1881 0
dline 882 1000 1882 0
dline 883 1000 1883 0
dline 884 1000 1884 0
dline 885 1000 1885 0
dline 886 1000 1886 0
dline 887 1000 1887 0
dline 888 1000 1888 0
dline 889 1000 1889 0
dline 890 1000 1890 0
dline 891 1000 1891 0
dline 892 1000 1892 0
dline 893 1000 1893 0
dline 894 1000 1894 0
dline 895 1000 1895 0
dline 896 1000 1896 0
dline 897 1000 1897 0
dline 898 1000 1898 0
dline 899 1000 1899 0
dline 900 1000 1900 0
dline 901 1000 1901 0
dline 902 1000 1902 0
dline 903 1000 1903 0
dline 904 1000 1904 0
dline 905 1000 1905 0
dline 906 1000 1906 0
dline 907 1000 1907 0
dline 908 1000 1908 0
dline 909 1000 1909 0
dline 910 1000 1910 0
dline 911 1000 1911 0
dline 912 1000 1912 0
dline 913 1000 1913 0
dline 914 1000 1914 0
dline 915 1000 1915 0
dline 916 1000 1916 0
dline 917 1000 1917 0
dline 918 1000 1918 0
dline 919 1000 1919 0
dline 920 1000 1920 0
dline 921 1000 1921 0
dline 922 1000 1922 0
dline 923 1000 1923 0
dline 924 1000 1924 0
dline 925 1000 1925 0
dline 926 1000 1926 0
dline 927 1000 1927 0
dline 928 1000 1928 0
dline 929 1000 1929 0
dline 930 1000 1930 0
dline 931 1000 1931 0
dline 932 1000 1932 0
dline 933 1000 1933 0
dline 934 1000 1934 0
dline 935 1000 1935 0
dline 936 1000 1936 0
dline 937 1000 1937 0
dline 938 1000 1938 0
dline 939 1000 1939 0
dline 940 1000 1940 0
dline 941 1000 1941 0
dline 942 1000 1942 0
dline 943 1000 1943 0
dline 944 1000 1944 0
dline 945 1000 1945 0
dline 946 1000 1946 0
dline 947 1000 1947 0
dline 948 1000 1948 0
dline 949 1000 1949 0
dline 950 1000 1950 0
dline 951 1000 1951 0
dline 952 1000 1952 0
dline 953 1000 1953 0
dline 954 1000 1954 0
dline 955 1000 1955 0
dline 956 1000 1956 0
dline 957 1000 1957 0
dline 958 1000 1958 0
dline 959 1000 1959 0
dline 960 1000 1960 0
dline 961 1000 1961 0
dline 962 1000 1962 0
dline 963 1000 1963 0
dline 964 1000 1964 0
dline 965 1000 1965 0
dline 966 1000 1966 0
dline 967 1000 1967 0
dline 968 1000 1968 0
dline 969 1000 1969 0
dline 970 1000 1970 0
dline 971 1000 1971 0
dline 972 1000 1972 0
dline 973 1000 1973 0
dline 974 1000 1974 0
dline 975 1000 1975 0
dline 976 1000 1976 0
dline 977 1000 1977 0
dline 978 1000 1978 0
dline 979 1000 1979 0
dline 980 1000 1980 0
dline 981 1000 1981 0
dline 982 1000 1982 0
dline 983 1000 1983 0
dline 984 1000 1984 0
dline 985 1000 1985 0
dline 986 1000 1986 0
dline 987 1000 1987 0
dline 988 1000 1988 0
dline 989 1000 1989 0
dline 990 1000 1990 0
dline 991 1000 1991 0
dline 992 1000 1992 0
dline 993 1000 1993 0
dline 994 1000 1994 0
dline 995 1000 1995 0
dline 996 1000 1996 0
dline 997 1000 1997 0
dline 998 1000 1998 0
dline 999 1000 1999 0
dline 1000 1000 2000 0
